1
3 9
100
1 2 9
1 1 1
2 2 7
2 2 8
2 2 1
3 2 6
4 2 3
4 1 2
4 1 2
4 1 3
4 2 2
4 1 2
5 2 5
5 1 2
5 1 0
5 2 1
6 1 0
6 2 9
6 1 1
6 2 3
7 2 5
7 1 1
7 2 7
7 2 4
7 1 2
8 1 1
8 2 6
8 1 1
8 1 0
8 2 5
8 1 3
9 1 1
9 2 1
9 1 1
9 2 4
9 2 1
9 1 1
9 1 3
9 2 8
10 1 3
10 2 4
10 1 3
11 2 6
11 2 1
11 2 2
11 2 2
11 2 9
12 2 2
12 1 1
12 2 9
13 1 1
13 2 1
14 2 1
14 1 1
14 2 4
14 2 6
14 1 3
15 1 1
15 2 2
16 1 1
16 2 9
16 2 4
16 2 1
16 2 4
17 2 5
17 1 3
17 2 5
17 2 6
18 2 1
18 2 8
18 2 9
19 2 7
20 1 0
20 2 1
20 1 0
20 1 1
20 1 1
21 2 2
21 1 0
21 2 0
21 1 2
22 1 1
22 2 6
22 1 2
22 1 0
23 1 0
23 2 3
24 1 0
24 2 3
24 2 6
24 2 7
24 2 5
25 1 3
25 1 0
25 1 0
25 2 0
25 2 0
26 2 3
26 1 2
26 1 2
