300
53 53 53 53 53 53 53 53 53 53
53 53 53 53 53 53 53 53 53 53
53 53 53 14 53 53 53 53 53 53
53 53 53 53 53 53 53 53 53 53
53 53 53 53 53 53 53 53 53 53
53 53 53 53 53 53 53 53 53 53
53 53 53 53 53 53 53 53 53 53
53 53 53 53 53 53 53 53 53 53
53 53 53 53 53 53 53 53 53 53
53 53 53 53 53 53 53 53 53 53
53 53 53 53 53 53 53 53 53 53
53 53 53 53 53 53 53 53 53 53
53 53 53 53 53 53 53 53 53 53
53 53 53 53 53 53 53 53 53 53
53 53 53 53 53 53 53 53 53 53
53 53 53 53 53 53 53 53 53 53
53 53 53 53 53 53 53 53 53 53
53 53 53 53 53 53 53 53 53 53
53 53 53 53 53 53 53 53 53 53
53 53 53 53 53 53 53 53 53 53
53 53 53 53 53 53 53 53 53 53
53 53 53 53 53 53 53 53 53 53
53 53 53 53 53 53 53 53 53 53
53 53 53 53 53 53 53 53 53 53
53 53 53 53 53 53 53 53 53 53
53 53 53 53 53 53 53 53 53 53
53 53 53 53 53 53 53 53 53 53
53 53 53 53 53 53 53 53 53 53
53 53 53 53 53 53 53 53 53 53
5 7 4 9 13 53 53 53 53 53