100
4 0 4 3 2 3 1 0 3 3 0 2 2 3 3 0 0 2 1 3 4 0 1 4 2 1 1 2 4 1 2 4 3 0 3 4 0 1 1 2 0 4 2 2 2 2 1 4 0 0 4 3 2 3 0 2 1 3 3 2 4 2 3 2 4 3 0 4 2 0 0 3 0 0 0 1 3 2 2 0 3 2 1 1 3 1 2 0 3 2 0 3 3 0 0 2 4 0 3 2
2 1
3 2
4 2
5 2
6 3
7 6
8 4
9 5
10 3
11 6
12 4
13 1
14 4
15 12
16 4
17 2
18 17
19 2
20 16
21 8
22 5
23 8
24 8
25 2
26 7
27 1
28 2
29 18
30 18
31 1
32 7
33 19
34 3
35 30
36 7
37 19
38 30
39 30
40 5
41 6
42 26
43 27
44 41
45 35
46 31
47 24
48 25
49 21
50 26
51 22
52 19
53 7
54 45
55 18
56 26
57 15
58 29
59 9
60 34
61 12
62 29
63 42
64 23
65 7
66 15
67 45
68 12
69 37
70 9
71 54
72 45
73 63
74 48
75 14
76 37
77 69
78 11
79 23
80 5
81 55
82 58
83 58
84 51
85 79
86 63
87 81
88 6
89 65
90 82
91 80
92 33
93 13
94 48
95 50
96 39
97 25
98 17
99 97
100 3
